527093935249035264
527191441655992320
527546376478281730
527606062174982146
527610860588765184
527611328706654208
527611622987415552
527611676183384064
527611715484397568
527611766562623488
527611899043909632
527612260097994753
527612482505150465
527612697408733184
527612812252946432
527613260246573058
527613287547305984
527613333520658432
527613374687744000
527613741677158402
527613890842988545
527613973546299392
527614035756605440
527614064910807040
527614185996550144
527614480810000384
527614954506317824
527615001306349568
527615126116245504
527615174845673472
527615184987111425
527615357964787712
527615583840264193
527615630514855936
527615704741056513
527615811431972865
527615846009798656
527615934312488960
527615942474600448
527616030102024193
527616030693015554
527616035747549184
527616351142043648
527616418259685377
527616754395381760
527616952454615040
527616986420117504
527617044741902337
527617170545463296
527617223397875712
527617245103796224
527617309847060480
527617487912062977
527617506706329600
527617692430516224
527617846634115072
527617880456585216
527618005224534016
527618153904627712
527618260158935040
527618534721851392
527618598240804864
527618613294166016
527618653034786816
527618943507505154
527619069709942785
527619083215593472
527619105629933568
527619288534745089
527619451601313792
527619508144332801
527619602411708417
527619704769490944
527619799925657600
527620050375561218
527620058529685506
527620191996612610
527620273831706624
527620354215542784
527620464315621376
527620703399321600
527620748740165632
527620756725714944
527620816557858817
527621047672406016
527621092488523777
527621111119224832
527621331534503936
527621413340196864
527621560577032192
527621619078819840
527621782854201344
527621980791795712
527622084676296704
527622112677470209
527622243128713219
527622362435690496
527622367015469056
527622437622804480
527622487073243136
527622652043988994
527622769220272128
527622817492520960
527622879030947840
527623005942587393
527623054323499008
527623184653119488
527623369840422912
527623417072455680
527623427482714112
527623590762778624
527623760883355648
527623937967288320
527624002618273792
527624176937730049
527624180544454656
527624253739638786
527624481238704130
527624495939739649
527624666920132609
527624800731410434
527625030424084480
527625134723825664
527625291502333953
527625317314490368
527625377217142784
527625420620193792
527625706411675648
527625908992360448
527625915707039744
527626040752209920
527626468147613696
527626835321159680
527626915532656641
527626961728724992
527627150690492416
527627521517703168
527627684760002560
527627890528366592
527628107604590593
527976484594806784
528286643724505088
529363426230173696
529364134102843392
