516948432041553921
517029828076507137
517096417765371904
517101830640521216
517101932859912192
517102149055311872
517102159339352065
517102500583714816
517102580754026497
517102712258060288
517102765055967232
517103321229066240
517103544034689024
517103751594012672
517103867340021760
517103999519309824
517104288490078208
517104297054855170
517104624516734976
517104884701614081
517105028201742337
517105183525183489
517105253716860928
517105274856177664
517105547855020032
517105555375415296
517105956216664065
517106061946654721
517106256256184320
517106360279126016
517106622154301440
517106661539201025
517106793294872576
517107938545397760
517108484626980864
517109230219042816
517109405931044864
517109546624757761
517109775155593216
517110031784095744
517110303193329665
517110817368862720
517110915343601665
517110951565594625
517111042875609089
517111357884604417
517111989639057408
517112110497955840
517112176268804096
517112414509469697
517112505840447488
517112757901348864
517112838285193216
517113008565534720
517113233833201664
517113547135131648
517113907195162625
517114073960706048
517114625528434688
517115135820050432
517115447138062336
517115680345571328
517115805742678017
517115853968785408
517116060647309313
517116158169088000
517116358342225921
517116465888362496
517116694901579777
517116907540205568
517116910081937409
517117282397724672
517117364908064768
517117517714964480
517230169543962624
