560130668999753728
560130867532943360
560131117052080129
560131254944030721
560131279350665217
560131535614251009
560931580244664320
560933678613004288
560939630653362176
561169461303341056
561212427728326656
561213109516656641
561215409752657920
561215525146361856
561215744902311936
561224691898400768
561233451601641473
561246427599216640
561303911466676226
561326673220861955
561327706982588416
561328284349513728
561328820599656450
561329269499248640
561329455948648448
561329781703467009
561330202668584960
561331443495092224
561332059654721537
561332612531507201
561332714746695680
561332964232286208
561333252086960129
561333561874460672
561333842368139264
561333974383865858
561334009750626304
561334218798936064
561334928269643778
561335315236139008
561335727380647937
561336105371316225
561336348011819008
561336544712482816
561337099019091968
561337284306698241
561337568038780928
561338557915484160
561339307248455680
561339581476261888
561339729996967937
561339930300149761
561340036126613504
561340082846588929
561340468420550656
561340753696546816
561340801977167872
561341326843592704
561341391779799040
561341528669712384
561341605370925057
561341925819547648
561342657016770562
561342975088025600
561343432606498817
561343992445812736
561345110383026176
561346348146892801
561346895298445312
561352896223006720
561353129107927040
561356757784854528
