482254217827332096
483957466225721344
484058278742466561
484124728823513089
484125170718609408
484125247902212096
484125373211222019
484125432866816000
484125542178750464
484125860375830529
484126275070464000
484126545393758208
484126556046909440
484126785479507968
484126846242799616
484127091810512896
484127385231822849
484127433780514816
484127479368388608
484127547240611842
484127736383176704
484128080370225152
484128129057693698
484128299405152257
484128315490312194
484128656185241600
484128719112400896
484129080225177600
484129112915599360
484129245971509248
484129619499438080
484129623895052288
484129779298230273
484129792204496897
484130141090488322
484130196170088448
484130222556459009
484130253141336064
484130495265923072
484130605823983616
484130984338538496
484131093705392128
484131324085948417
484131661357920256
484132023100264449
484132351002157056
484132431604117504
484132558914215938
484132655185682432
484132794918924288
484132835209379841
484133146296725504
484133231441494016
484133363737849856
484133826822549504
484134021912215552
484134414902116352
484134532627439617
484134659614199808
484134906478727169
484135120941481984
484135209395568641
484135236196790272
484135295869124608
484135461699346432
484135743728541697
484135750485569536
484135931213922305
484135945571401728
484136336576626688
484136430289952768
484136731630133248
484136906180292608
484136995505979393
484137175542276096
484137237349928960
484137309076348928
484137695418277888
484137783242416129
484137793191280640
484138103985016833
484138194854637568
484138405068951553
484138621075615745
484138708585566210
484139067907379200
484139268638789632
484139444845309952
484139645429489665
484139698407739392
484139810160791552
484139880016916481
484324439459241985
484335336286208000
489130633893916672
493785417536110592
494275061193662464
494276248386813954
494279941920272384
494280205272629248
494686892021915649
505054479168065536
509065862838775808
517111644347191297
524276962647625730
527444139106107392
527451461534642178
527455768564355072
527614845856649217
527615190066409473
540583839219720192
552139143271415810
552285661517344768
553223388312121344
554043959815962624
554658947316350976
554659794813202432
559069219351187457
559760853839667201
560130668999753728
560131069371232256
561172307809296384
561336713981992963
561338174434066432
561341925819547648
