539415769923452928
539794315203969024
539888120700080129
539947361121079298
539947751136833536
539947924021452800
539948094201159680
539948530530414592
539948664354258945
539948942386286592
539948975437402113
539949075173347329
539949130194624512
539949774632681472
539949789136158720
539950020569886721
539950173573492736
539950311612223489
539950341576335360
539950358400077824
539950395620339712
539950558832885761
539950677997260801
539950681956683776
539950734998245376
539950932880945152
539950957954871296
539951059808948224
539951151555555328
539951164796596224
539951513981165568
539951533539205120
539951548336324608
539951893754036224
539952045906599936
539952068153585664
539952330020376576
539952339722194944
539952343471902721
539952394704916481
539952435184168961
539952456680366081
539952513538326528
539952583884812288
539952678214717440
539952825749741568
539952905001123840
539953285126717441
539953352617238528
539953449933107200
539953885696507904
539953968005513216
539954089283448832
539954165259444224
539954222163177472
539954469115424768
539954672556331009
539954784472932354
539955051708825601
539955346664472576
539955581021200385
539955600445431809
539955865646686208
539956049545932800
539956169196847104
539956275300548608
539956300566642688
539956494545195008
539956687307030528
539956825572270082
539957110868815872
539957713858732032
539957804149538816
539957804547997696
539966293915754500
539968691744423936
539979246635347969
539979698067869698
540202722721804289
540577536099749888
540581480901406721
540594167509172225
540666849730764800
540854397606326272
