494161130185850880
494161867016007680
494185500551311361
494241591586852864
494258937446023168
494271476757843970
494272376637779968
494272416541990912
494272480236666880
494272705424662530
494272983176056832
494273183294693377
494273306670153729
494273497582305280
494273747826667523
494273829271654401
494273880882573312
494274114371465216
494274222865125377
494274433201094657
494274636679761921
494274995011739648
494275018377814016
494275072454975489
494275393742839808
494275460243914752
494275523044843523
494275660093726721
494275742352805888
494275818244145152
494276069252276225
494276441459019777
494276652738691073
494276857257553921
494277004980531201
494277203303997440
494277211885539329
494277269792509953
494277399719456768
494277670046138371
494278015384571905
494278134674767872
494278346176737280
494278594102067201
494278627396423680
494278742223892480
494279017974206464
494279050601725952
494279218302156803
494279324023808000
494279460422553600
494279608137945088
494279790002995202
494280079837372416
494280111277883392
494280130110296065
494280190210895875
494280219843252224
494280546416336897
494280552581980160
494280596458582017
494280804093394946
494280947312123904
494280980178698240
494281110478929920
494281457267781632
494281484920819712
494281514356858880
494281603267317760
494281635504738306
494281796041723904
494282169078931456
494282170509578241
494282641416667137
494282969884811264
494283191197249536
494283844351062016
494284157980135427
494284685573226496
494284963286491136
494285070501294080
494285109672312832
494285189859016705
494285312739512320
494285322277380096
494285473066799104
494285476518715393
494285503655862272
494285662107881473
494285703413370880
494285903108374529
494285928999813120
494286041080004608
494286118209060867
494286218000347137
494286249981521920
494286743319744512
494286931564711936
494287395442139136
494287460101537792
494287534474919936
494287708412719104
494287956627451904
494288221874823168
494288639644270592
494288908327194624
494289400260354048
494289651704684544
494290405748662272
494290969609895937
494291677960364032
494326103951962112
494686892021915649
561341925819547648
